4 6 6 6 6 6 6 6 6 3
8 4 5 5 5 5 5 5 3 7
8 7 4 9 6 6 6 3 8 7
8 7 8 4 5 5 3 7 8 7
8 7 8 7 9 0 8 7 8 7
8 7 9 7 0 0 8 7 8 7
8 7 8 1 6 6 2 7 8 7
8 7 1 5 5 5 5 2 8 7
8 1 6 6 6 6 6 6 2 7
1 5 5 5 5 5 5 5 5 2

0 0 0 0 0 0 0 0 0 11
0 0 0 0 0 0 0 0 0 0
0 0 0 0 0 0 0 0 0 0
0 0 0 0 0 0 0 0 0 0
0 0 0 0 0 0 0 0 0 0
0 0 0 0 0 0 0 0 0 0
0 0 0 0 0 0 0 0 0 0
0 0 0 0 0 0 0 0 0 0
0 0 0 0 0 0 0 0 0 0
0 0 0 0 0 0 0 0 0 0

0 0 0 0 0 0 0 0 0 15
0 0 0 0 0 0 0 0 0 0
0 0 0 0 0 0 0 0 0 0
0 0 0 0 0 0 0 0 0 0
0 0 0 0 0 0 0 0 0 0
0 0 0 0 0 0 0 0 0 0
0 0 0 0 0 0 0 0 0 0
0 0 0 0 0 0 0 0 0 0
0 0 0 0 0 0 0 0 0 0
0 0 0 0 0 0 0 0 0 0
